dim 200 200 200
putsphere 40 36 25 15  0.498 0.659 0.106 1.000
cutbox 43 46 41 44 33 60
cutbox 35 38 41 44 33 60
putsphere 40 36 25 14 0.961 0.961 0.961 1.000
cutbox 0 100 0 39 0 100
putbox 40 10 25 15 37 0.941 0.941 0.941 1.000
putbox 40 37 25 13 40 0.941 0.941 0.941 1.000
putbox 34 37 2 11 15 35 0.498 0.659 0.106 1.000
putbox 44 47 2 11 15 35 0.498 0.659 0.106 1.000
putsphere 20 33 25 3 0.498 0.659 0.106 1.000
putsphere 60 33 25 3 0.498 0.659 0.106 1.000
putsphere 20 16 25 3 0.498 0.659 0.106 1.000
putsphere 60 16 25 3 0.498 0.659 0.106 1.000
putbox 20 17 25 3 33 0.498 0.659 0.106 1.000
putbox 60 17 25 3 33 0.498 0.659 0.106 1.000
putbox 24 25 30 32 25 26 0.941 0.941 0.941 1.000
putbox 56 57 30 32 25 26 0.941 0.941 0.941 1.000
putbox 45.000 46.000 48 49 25 26 0.498 0.659 0.106 1.000
putbox 45.000 46.000 47 48 25 26 0.498 0.659 0.106 1.000
putbox 36.000 37.000 48 49 25 26 0.498 0.659 0.106 1.000
putbox 36.000 37.000 47 48 25 26 0.498 0.659 0.106 1.000
putbox 45.700 46.700 49 50 25 26 0.498 0.659 0.106 1.000
putbox 45.700 46.700 48 49 25 26 0.498 0.659 0.106 1.000
putbox 35.300 36.300 49 50 25 26 0.498 0.659 0.106 1.000
putbox 35.300 36.300 48 49 25 26 0.498 0.659 0.106 1.000
putbox 46.400 47.400 50 51 25 26 0.498 0.659 0.106 1.000
putbox 46.400 47.400 49 50 25 26 0.498 0.659 0.106 1.000
putbox 34.600 35.600 50 51 25 26 0.498 0.659 0.106 1.000
putbox 34.600 35.600 49 50 25 26 0.498 0.659 0.106 1.000
putbox 47.100 48.100 51 52 25 26 0.498 0.659 0.106 1.000
putbox 47.100 48.100 50 51 25 26 0.498 0.659 0.106 1.000
putbox 33.900 34.900 51 52 25 26 0.498 0.659 0.106 1.000
putbox 33.900 34.900 50 51 25 26 0.498 0.659 0.106 1.000
putbox 47.800 48.800 52 53 25 26 0.498 0.659 0.106 1.000
putbox 47.800 48.800 51 52 25 26 0.498 0.659 0.106 1.000
putbox 33.200 34.200 52 53 25 26 0.498 0.659 0.106 1.000
putbox 33.200 34.200 51 52 25 26 0.498 0.659 0.106 1.000
putbox 48.500 49.500 53 54 25 26 0.498 0.659 0.106 1.000
putbox 48.500 49.500 52 53 25 26 0.498 0.659 0.106 1.000
putbox 32.500 33.500 53 54 25 26 0.498 0.659 0.106 1.000
putbox 32.500 33.500 52 53 25 26 0.498 0.659 0.106 1.000
putbox 49.200 50.200 54 55 25 26 0.498 0.659 0.106 1.000
putbox 49.200 50.200 53 54 25 26 0.498 0.659 0.106 1.000
putbox 31.800 32.800 54 55 25 26 0.498 0.659 0.106 1.000
putbox 31.800 32.800 53 54 25 26 0.498 0.659 0.106 1.000
